234, 54, 182, 8, 196, 86, 62, 115, 195, 41, 
18, 295, 279, 49, 293, 99, 268, 304, 126, 286, 
333, 270, 350, 321, 351, 306, 328, 299, 346, 259, 
299, 359, 257, 361, 300, 326, 358, 287, 328, 323, 
49, 377, 215, 161, 401, 65, 420, 380, 422, 415, 
284, 285, 78, 172, 471, 192, 68, 135, 404, 131, 
52, 443, 678, 46, 3, 418, 366, 178, 140, 426, 
228, 337, 688, 300, 402, 259, 221, 683, 49, 517, 
370, 384, 200, 5, 690, 285, 297, 293, 401, 339, 
98, 156, 132, 199, 702, 178, 288, 587, 160, 503, 
167, 429, 454, 96, 525, 658, 741, 659, 428, 68, 
160, 3, 142, 14, 87, 68, 590, 281, 470, 96, 
514, 85, 317, 63, 241, 203, 381, 11, 126, 470, 
180, 602, 171, 264, 41, 210, 491, 513, 95, 173, 
0, 6, 12, 332, 306, 247, 454, 248, 748, 14, 
54, 409, 108, 203, 215, 236, 299, 945, 447, 229, 
124, 627, 322, 242, 244, 236, 275, 220, 474, 99, 
99, 407, 126, 516, 426, 97, 777, 495, 514, 274, 
7, 318, 152, 257, 201, 886, 3, 309, 324, 209, 
147, 21, 495, 173, 242, 209, 933, 422, 322, 180, 
838, 981, 667, 766, 985, 438, 120, 975, 102, 285, 
510, 194, 49, 228, 143, 173, 293, 201, 180, 185, 
602, 54, 144, 7, 448, 712, 171, 221, 173, 228, 
323, 476, 150, 68, 275, 728, 8, 199, 237, 99, 
24, 124, 257, 49, 0, 113, 188, 614, 478, 97, 
682, 750, 239, 303, 251, 1013, 342, 475, 124, 457, 
977, 49, 287, 514, 741, 280, 117, 147, 474, 369, 
270, 144, 671, 218, 321, 293, 257, 443, 435, 449, 
11, 97, 656, 305, 268, 302, 301, 78, 181, 293, 
258, 28, 251, 303, 750, 254, 288, 318, 1, 163, 
135, 191, 301, 518, 489, 123, 134, 339, 810, 152, 
116, 239, 267, 741, 404, 590, 275, 110, 507, 865, 
312, 677, 259, 681, 342, 270, 750, 327, 332, 287, 
293, 287, 258, 244, 689, 309, 331, 291, 323, 241, 
260, 321, 677, 265, 320, 258, 242, 747, 876, 878, 
357, 260, 877, 338, 881, 882, 309, 306, 332, 268, 
126, 55, 824, 21, 471, 78, 146, 54, 6, 175, 
317, 525, 399, 225, 1033, 572, 716, 443, 199, 449, 
351, 287, 301, 293, 318, 346, 269, 332, 257, 268, 
301, 268, 285, 271, 1037, 339, 345, 299, 315, 270, 
30, 151, 317, 97, 173, 517, 968, 99, 356, 190, 
63, 49, 426, 173, 85, 0, 657, 209, 172, 27, 
925, 938, 62, 580, 949, 1047, 209, 1054, 943, 299, 
24, 230, 105, 194, 54, 90, 160, 55, 237, 199, 
126, 150, 1058, 762, 741, 755, 110, 236, 23, 0, 
747, 312, 126, 49, 327, 150, 6, 326, 99, 261, 
321, 303, 285, 873, 287, 257, 323, 322, 267, 682, 
307, 258, 182, 522, 131, 180, 653, 186, 495, 190, 
49, 173, 203, 820, 299, 1002, 180, 1076, 171, 580, 
323, 318, 1009, 1083, 287, 546, 474, 267, 252, 8, 
143, 172, 180, 171, 49, 131, 495, 202, 209, 183, 
24, 150, 526, 426, 14, 6, 21, 747, 120, 284, 
249, 283, 227, 6, 280, 844, 545, 23, 923, 24, 
116, 474, 596, 747, 1011, 410, 684, 267, 150, 239, 
1088, 117, 272, 677, 253, 78, 21, 120, 180, 55, 
168, 81, 113, 49, 407, 482, 299, 190, 78, 97, 
248, 281, 247, 987, 41, 256, 1046, 78, 410, 716, 
68, 1062, 282, 19, 500, 213, 496, 479, 662, 55, 
52, 54, 227, 1107, 287, 621, 971, 415, 203, 78, 
545, 229, 495, 143, 193, 214, 522, 659, 78, 484, 
303, 309, 257, 332, 299, 747, 346, 750, 341, 327, 
240, 67, 226, 287, 471, 117, 244, 596, 703, 110, 
281, 1010, 322, 284, 327, 180, 992, 947, 827, 293, 
317, 419, 195, 332, 495, 538, 283, 897, 268, 565, 
735, 805, 660, 955, 1141, 1128, 777, 428, 525, 64, 
299, 280, 293, 287, 279, 534, 740, 507, 49, 8, 
239, 6, 1092, 104, 742, 63, 471, 1094, 120, 122, 
457, 1088, 244, 1027, 925, 1046, 287, 285, 24, 236, 
287, 180, 150, 233, 267, 6, 149, 116, 245, 257, 
190, 49, 210, 14, 173, 172, 182, 0, 175, 27, 
356, 922, 63, 173, 150, 284, 133, 99, 301, 97, 
24, 552, 211, 146, 590, 14, 422, 1146, 8, 434, 
93, 893, 47, 747, 27, 270, 267, 506, 152, 201, 
357, 284, 136, 125, 149, 128, 267, 299, 353, 287, 
410, 12, 409, 221, 24, 474, 234, 270, 865, 272, 
222, 384, 627, 546, 120, 287, 76, 317, 602, 11, 
132, 120, 124, 68, 3, 143, 454, 227, 249, 482, 
870, 879, 300, 410, 288, 1159, 254, 287, 92, 256, 
284, 332, 936, 1160, 901, 49, 274, 507, 282, 149, 
259, 198, 49, 214, 212, 698, 581, 207, 513, 153, 
146, 209, 274, 6, 168, 236, 275, 115, 78, 92, 
474, 670, 108, 894, 457, 342, 755, 282, 507, 229, 
55, 1100, 49, 992, 126, 3, 180, 70, 299, 24, 
193, 407, 865, 522, 147, 476, 743, 590, 24, 86, 
317, 173, 482, 78, 120, 513, 221, 215, 98, 194, 
258, 1175, 888, 257, 1174, 326, 887, 241, 268, 288, 
1189, 514, 126, 47, 1071, 173, 302, 6, 21, 55, 
260, 880, 325, 353, 903, 310, 285, 307, 897, 300, 
234, 1073, 24, 701, 120, 386, 106, 150, 221, 235, 
322, 738, 288, 244, 321, 258, 300, 1047, 311, 878, 
987, 322, 98, 682, 30, 175, 263, 81, 55, 78, 
172, 63, 54, 190, 173, 86, 49, 209, 201, 227, 
14, 150, 865, 0, 844, 282, 124, 221, 120, 13, 
234, 52, 1043, 545, 285, 224, 237, 1139, 57, 699, 
181, 100, 1230, 403, 559, 93, 422, 877, 392, 42, 
90, 199, 644, 422, 264, 0, 197, 194, 22, 7, 
221, 194, 203, 152, 201, 96, 174, 227, 68, 422, 
516, 427, 115, 513, 434, 658, 522, 193, 46, 937, 
341, 357, 119, 677, 870, 293, 1051, 104, 762, 693, 
320, 291, 677, 884, 1232, 285, 325, 270, 688, 339, 
236, 283, 923, 23, 146, 124, 830, 120, 741, 825, 
514, 78, 268, 97, 182, 117, 747, 510, 287, 545, 
1088, 251, 233, 256, 68, 404, 299, 55, 120, 117, 
285, 110, 545, 254, 270, 332, 244, 323, 410, 750, 
306, 750, 270, 747, 332, 339, 689, 346, 751, 285, 
161, 14, 164, 81, 76, 581, 69, 565, 659, 11, 
901, 268, 301, 304, 257, 267, 287, 311, 312, 263, 
470, 739, 12, 283, 303, 747, 124, 99, 281, 126, 
61, 929, 28, 825, 819, 412, 943, 87, 974, 1243, 
172, 55, 211, 687, 575, 450, 337, 81, 691, 738, 
271, 304, 306, 302, 886, 312, 1023, 325, 320, 257, 
288, 305, 887, 285, 324, 345, 327, 332, 353, 330, 
298, 254, 325, 873, 326, 324, 327, 302, 125, 1250, 
190, 639, 1103, 156, 653, 185, 181, 170, 526, 317, 
495, 595, 68, 469, 264, 49, 470, 99, 236, 268, 
49, 274, 301, 180, 268, 126, 299, 257, 55, 287, 
287, 1058, 1164, 116, 742, 404, 1056, 757, 1046, 256, 
52, 217, 54, 22, 31, 21, 199, 233, 163, 550, 
225, 63, 69, 254, 251, 750, 123, 11, 39, 81, 
256, 507, 117, 116, 236, 49, 147, 126, 244, 0, 
173, 116, 426, 179, 514, 99, 49, 10, 97, 356, 
211, 386, 402, 1266, 1044, 238, 726, 723, 1112, 68, 
703, 461, 481, 961, 181, 126, 288, 431, 22, 846, 
495, 225, 473, 95, 156, 172, 27, 549, 0, 97, 
482, 474, 481, 173, 68, 110, 747, 209, 234, 203, 
242, 265, 352, 336, 327, 339, 1174, 312, 989, 750, 
228, 242, 747, 342, 270, 226, 293, 61, 285, 379, 
728, 55, 391, 283, 212, 814, 1052, 923, 160, 201, 
267, 287, 322, 330, 312, 902, 747, 299, 338, 302, 
889, 411, 287, 121, 677, 357, 1273, 218, 54, 684, 
285, 275, 8, 268, 13, 123, 241, 301, 284, 99, 
55, 153, 520, 250, 136, 99, 522, 123, 126, 483, 
259, 538, 354, 285, 321, 244, 327, 312, 299, 750, 
325, 14, 747, 312, 750, 315, 293, 538, 327, 322, 
11, 78, 602, 172, 97, 55, 184, 182, 175, 22, 
285, 275, 8, 268, 743, 123, 317, 55, 274, 474, 
180, 596, 545, 194, 410, 234, 120, 95, 117, 404, 
55, 12, 99, 136, 120, 661, 616, 150, 613, 116, 
287, 474, 743, 302, 1232, 99, 296, 675, 285, 306, 
302, 285, 288, 320, 318, 987, 324, 267, 293, 301, 
275, 291, 749, 289, 345, 278, 1058, 1141, 1012, 312, 
146, 54, 513, 27, 90, 41, 337, 349, 345, 81, 
330, 327, 293, 1037, 270, 306, 322, 312, 271, 314, 
11, 284, 356, 473, 169, 97, 126, 653, 222, 830, 
58, 275, 63, 171, 97, 180, 78, 21, 201, 54, 
244, 330, 1292, 314, 271, 318, 344, 339, 1293, 345, 
285, 897, 303, 291, 749, 903, 318, 689, 339, 257, 
595, 213, 171, 49, 237, 226, 174, 162, 168, 587, 
332, 261, 309, 327, 326, 318, 320, 271, 322, 677, 
99, 123, 277, 149, 13, 0, 126, 49, 474, 128, 
198, 301, 133, 97, 194, 189, 483, 487, 214, 482, 
392, 66, 738, 1040, 780, 691, 1013, 450, 595, 161, 
180, 322, 677, 324, 293, 321, 320, 186, 55, 215, 
287, 285, 210, 481, 650, 474, 301, 60, 171, 413, 
299, 327, 323, 324, 989, 331, 244, 326, 871, 325, 
63, 317, 356, 99, 805, 191, 527, 11, 660, 650, 
249, 739, 933, 117, 747, 92, 257, 474, 49, 684, 
324, 1046, 28, 545, 54, 203, 110, 174, 175, 592, 
871, 1257, 285, 1091, 129, 293, 66, 587, 95, 102, 
239, 411, 409, 454, 122, 229, 92, 54, 429, 23, 
167, 131, 193, 47, 581, 134, 256, 132, 185, 271, 
121, 473, 6, 596, 104, 120, 180, 150, 54, 825, 
432, 304, 878, 201, 325, 268, 300, 27, 317, 233, 
117, 236, 747, 275, 312, 677, 8, 332, 470, 322, 
180, 126, 317, 222, 215, 201, 173, 221, 155, 68, 
322, 321, 983, 346, 750, 312, 257, 327, 293, 299, 
1305, 240, 511, 380, 464, 614, 520, 477, 1304, 672, 
14, 1015, 743, 8, 865, 275, 6, 281, 274, 684, 
242, 878, 682, 132, 537, 603, 320, 300, 198, 126, 
244, 321, 677, 332, 325, 287, 293, 983, 327, 291, 
304, 287, 305, 312, 905, 285, 301, 689, 353, 303, 
484, 477, 611, 696, 641, 487, 462, 605, 219, 429, 
293, 322, 244, 318, 298, 299, 879, 321, 873, 983, 
49, 720, 11, 99, 1016, 97, 209, 55, 98, 203, 
49, 99, 175, 186, 659, 565, 182, 194, 70, 95, 
750, 951, 293, 287, 296, 221, 342, 239, 49, 302, 
650, 317, 95, 63, 962, 269, 49, 55, 97, 126, 
482, 507, 177, 99, 1313, 257, 171, 248, 0, 78, 
271, 749, 302, 689, 901, 330, 338, 320, 270, 287, 
110, 379, 67, 120, 728, 657, 221, 432, 420, 732, 
285, 268, 267, 747, 301, 150, 275, 117, 474, 14, 
422, 863, 0, 47, 180, 68, 202, 595, 292, 14, 
229, 273, 176, 648, 158, 54, 211, 227, 738, 449, 
370, 220, 286, 212, 738, 85, 76, 136, 513, 401, 
320, 422, 85, 284, 49, 513, 196, 317, 301, 268, 
37, 1041, 158, 539, 99, 321, 76, 301, 924, 54, 
64, 659, 136, 791, 115, 178, 215, 693, 7, 82, 
203, 258, 287, 876, 142, 768, 6, 634, 76, 37, 
224, 750, 23, 500, 247, 273, 156, 587, 134, 245, 
8, 339, 326, 741, 281, 116, 268, 301, 332, 327, 
314, 312, 315, 271, 749, 299, 339, 285, 301, 300, 
283, 8, 1404, 99, 300, 288, 24, 339, 301, 256, 
411, 28, 1089, 1406, 1257, 367, 754, 351, 789, 721, 
49, 227, 221, 133, 97, 173, 99, 126, 171, 55, 
241, 133, 495, 312, 58, 180, 153, 264, 557, 212, 
305, 201, 579, 12, 256, 761, 1240, 285, 662, 286, 
749, 525, 81, 264, 509, 176, 194, 175, 182, 434, 
78, 497, 317, 184, 63, 97, 174, 49, 426, 54, 
321, 1325, 116, 285, 293, 8, 686, 987, 241, 242, 
357, 324, 287, 70, 140, 88, 171, 139, 24, 224, 
115, 21, 666, 120, 990, 116, 766, 209, 1099, 257, 
317, 514, 285, 480, 172, 171, 0, 203, 422, 241, 
747, 293, 889, 1048, 257, 335, 256, 236, 23, 741, 
339, 317, 301, 169, 309, 44, 879, 241, 302, 335, 
677, 1024, 267, 285, 874, 312, 327, 293, 268, 299, 
299, 293, 244, 322, 325, 677, 268, 312, 747, 332, 
173, 182, 55, 317, 78, 54, 1332, 136, 194, 762, 
392, 196, 65, 661, 309, 427, 201, 185, 513, 301, 
268, 275, 128, 285, 332, 303, 248, 905, 350, 348, 
242, 229, 218, 178, 410, 678, 187, 1027, 683, 234, 
63, 126, 227, 490, 519, 229, 527, 875, 1329, 68, 
644, 285, 422, 268, 381, 190, 316, 85, 267, 126, 
54, 272, 213, 714, 474, 283, 120, 23, 150, 596, 
38, 1400, 482, 252, 49, 54, 602, 215, 235, 268, 
21, 22, 450, 482, 432, 63, 87, 143, 181, 229, 
107, 568, 54, 225, 404, 92, 24, 152, 233, 203, 
182, 565, 567, 299, 1, 10, 78, 471, 16, 116, 
287, 38, 293, 172, 185, 641, 203, 430, 163, 3, 
881, 934, 935, 302, 113, 663, 81, 854, 615, 70, 
994, 263, 331, 257, 299, 324, 293, 332, 267, 302, 
63, 177, 180, 99, 1217, 11, 160, 55, 54, 143, 
528, 49, 653, 97, 222, 180, 1217, 126, 172, 317, 
1087, 116, 119, 21, 1233, 0, 308, 287, 242, 1290, 
134, 990, 686, 719, 242, 688, 53, 568, 976, 76, 
236, 285, 565, 603, 491, 192, 171, 193, 244, 605, 
23, 404, 595, 257, 507, 146, 8, 149, 178, 88, 
99, 116, 284, 123, 126, 13, 474, 49, 1006, 1142, 
97, 274, 749, 426, 55, 271, 650, 474, 654, 312, 
348, 287, 897, 747, 343, 299, 310, 244, 339, 268, 
160, 181, 498, 180, 621, 632, 401, 198, 620, 203, 
288, 251, 470, 125, 747, 404, 120, 299, 180, 14, 
507, 514, 63, 21, 312, 31, 650, 208, 424, 68, 
303, 370, 275, 211, 214, 69, 46, 201, 70, 587, 
11, 173, 49, 962, 118, 99, 1268, 317, 1449, 602, 
654, 184, 495, 326, 229, 514, 190, 21, 479, 95, 
195, 134, 99, 495, 206, 504, 182, 97, 274, 631, 
285, 178, 356, 237, 152, 513, 196, 210, 179, 57, 
180, 150, 814, 124, 300, 110, 844, 117, 299, 254, 
507, 339, 275, 57, 432, 431, 174, 41, 208, 474, 
872, 357, 299, 750, 878, 342, 747, 285, 312, 339, 
301, 312, 331, 267, 681, 285, 293, 345, 299, 269, 
267, 274, 933, 304, 305, 739, 1136, 1151, 1354, 1356, 
631, 85, 7, 457, 476, 386, 1196, 777, 12, 161, 
870, 455, 121, 1078, 293, 239, 400, 79, 410, 52, 
132, 472, 93, 209, 49, 150, 180, 257, 755, 20, 
55, 384, 627, 117, 154, 283, 287, 1043, 940, 23, 
110, 69, 27, 257, 49, 63, 120, 57, 258, 150, 
249, 293, 677, 289, 233, 173, 323, 209, 805, 342, 
239, 54, 404, 326, 185, 182, 410, 227, 27, 143, 
259, 457, 987, 947, 158, 43, 80, 628, 1, 484, 
251, 293, 596, 117, 299, 594, 534, 14, 595, 281, 
148, 285, 275, 267, 474, 8, 0, 274, 99, 276, 
49, 646, 55, 167, 155, 181, 152, 297, 81, 745, 
448, 49, 163, 312, 27, 81, 173, 654, 950, 63, 
442, 117, 471, 280, 244, 824, 233, 331, 454, 217, 
677, 987, 768, 242, 830, 28, 234, 1046, 37, 20, 
323, 581, 1007, 380, 285, 1128, 1461, 60, 675, 530, 
331, 747, 285, 312, 299, 271, 309, 310, 750, 876, 
11, 97, 184, 749, 172, 171, 178, 292, 180, 209, 
312, 325, 269, 333, 332, 747, 681, 361, 880, 881, 
242, 299, 686, 1236, 124, 303, 320, 293, 341, 321, 
171, 1146, 173, 54, 121, 317, 146, 973, 120, 405, 
162, 187, 689, 442, 731, 0, 175, 422, 660, 525, 
234, 400, 122, 450, 287, 293, 46, 671, 218, 701, 
747, 590, 741, 297, 236, 299, 974, 293, 287, 116, 
99, 274, 285, 312, 8, 267, 244, 236, 282, 123, 
249, 6, 227, 185, 99, 134, 646, 55, 197, 1184, 
0, 24, 150, 81, 116, 185, 285, 37, 287, 356, 
997, 370, 1064, 1427, 521, 41, 339, 150, 738, 275, 
287, 285, 221, 24, 69, 182, 217, 4, 780, 595, 
11, 602, 284, 189, 63, 120, 495, 312, 317, 299, 
287, 174, 237, 173, 22, 78, 1100, 95, 1392, 520, 
689, 271, 895, 312, 320, 314, 327, 304, 899, 318, 
747, 318, 24, 299, 761, 844, 281, 684, 743, 14, 
172, 88, 97, 209, 190, 27, 117, 175, 221, 185, 
293, 322, 771, 259, 1055, 28, 287, 950, 677, 819, 
283, 618, 278, 627, 92, 128, 590, 281, 507, 284, 
244, 301, 293, 881, 537, 346, 314, 751, 310, 514, 
273, 32, 395, 253, 1214, 759, 455, 274, 228, 921, 
28, 1046, 8, 1180, 275, 93, 12, 65, 157, 366, 
325, 307, 341, 337, 257, 332, 330, 300, 293, 322, 
878, 339, 299, 332, 306, 270, 337, 268, 357, 287, 
411, 293, 1078, 819, 20, 94, 406, 454, 626, 408, 
749, 301, 905, 333, 268, 288, 338, 305, 753, 257, 
257, 627, 681, 537, 454, 221, 318, 269, 182, 193, 
55, 576, 54, 13, 190, 311, 170, 992, 1104, 15, 
38, 590, 245, 217, 248, 180, 116, 345, 460, 326, 
285, 288, 339, 209, 12, 293, 195, 68, 229, 179, 
20, 472, 404, 454, 23, 476, 1015, 409, 684, 814, 
567, 317, 621, 63, 97, 228, 68, 48, 94, 379, 
324, 239, 400, 395, 411, 121, 32, 769, 1011, 230, 
150, 82, 117, 131, 95, 193, 264, 168, 123, 149, 
315, 1118, 657, 1045, 938, 180, 65, 126, 185, 72, 
290, 281, 751, 514, 1010, 1013, 221, 1198, 263, 146, 
404, 24, 124, 69, 201, 185, 152, 96, 214, 70, 
120, 285, 257, 236, 221, 0, 55, 49, 256, 124, 
686, 454, 1013, 33, 545, 863, 54, 1108, 52, 573, 
184, 484, 510, 274, 522, 483, 124, 97, 171, 182, 
317, 49, 602, 97, 173, 126, 54, 239, 482, 284, 
875, 871, 880, 1093, 947, 455, 408, 260, 242, 686, 
144, 455, 104, 251, 121, 287, 217, 742, 231, 230, 
747, 878, 244, 987, 265, 306, 308, 298, 288, 321, 
1085, 1507, 49, 800, 54, 186, 870, 62, 390, 199, 
299, 312, 277, 270, 293, 273, 297, 242, 274, 236, 
663, 95, 97, 15, 404, 248, 565, 337, 172, 862, 
149, 257, 13, 24, 241, 274, 305, 282, 18, 256, 
1139, 227, 830, 686, 422, 400, 163, 108, 93, 1027, 
200, 237, 120, 55, 515, 49, 683, 179, 99, 30, 
305, 302, 1392, 333, 299, 1295, 988, 303, 937, 689, 
831, 1385, 273, 535, 1021, 739, 747, 115, 23, 221, 
747, 738, 196, 230, 482, 229, 22, 384, 510, 379, 
0, 173, 194, 268, 182, 95, 203, 68, 97, 221, 
236, 628, 221, 390, 142, 541, 185, 848, 151, 234, 
137, 28, 947, 671, 1028, 376, 1056, 119, 1046, 405, 
275, 284, 182, 153, 270, 208, 179, 12, 7, 136, 
715, 548, 285, 49, 282, 189, 212, 171, 530, 520, 
322, 682, 267, 350, 270, 878, 325, 321, 354, 298, 
738, 203, 126, 46, 68, 268, 422, 14, 256, 863, 
300, 357, 332, 267, 306, 681, 331, 688, 266, 305, 
357, 1046, 553, 807, 596, 1156, 128, 848, 184, 824, 
662, 63, 126, 1027, 133, 190, 522, 88, 142, 282, 
156, 178, 31, 654, 181, 520, 193, 655, 184, 196, 
743, 180, 10, 202, 650, 155, 21, 179, 22, 126, 
293, 747, 288, 410, 322, 321, 320, 596, 872, 457, 
142, 324, 270, 339, 210, 312, 318, 209, 194, 402, 
81, 396, 63, 1230, 173, 678, 140, 525, 450, 647, 
874, 677, 1068, 293, 1169, 410, 218, 280, 1096, 160, 
426, 479, 605, 503, 21, 481, 482, 510, 317, 314, 
891, 923, 1010, 337, 197, 128, 168, 283, 321, 249, 
230, 738, 402, 251, 37, 574, 68, 93, 822, 691, 
946, 159, 80, 46, 957, 58, 68, 268, 179, 510, 
293, 322, 287, 117, 121, 894, 455, 257, 830, 299, 
268, 893, 275, 293, 872, 299, 434, 512, 482, 167, 
11, 407, 49, 317, 173, 426, 99, 418, 133, 190, 
270, 287, 354, 332, 268, 304, 244, 312, 339, 327, 
844, 1229, 858, 870, 998, 1436, 394, 474, 65, 1097, 
448, 635, 379, 234, 1132, 370, 1015, 228, 124, 249, 
707, 479, 168, 407, 167, 478, 487, 482, 512, 473, 
1525, 54, 515, 708, 414, 401, 63, 184, 257, 734, 
178, 427, 661, 65, 416, 401, 583, 945, 273, 210, 
298, 886, 1526, 681, 287, 258, 894, 907, 291, 871, 
318, 654, 152, 207, 1015, 513, 181, 865, 178, 142, 
230, 448, 12, 257, 275, 49, 962, 99, 738, 474, 
472, 275, 234, 507, 38, 8, 105, 150, 925, 136, 
478, 497, 902, 49, 1008, 99, 918, 11, 97, 1016, 
317, 63, 95, 6, 194, 167, 495, 88, 422, 203, 
104, 830, 929, 368, 1290, 1087, 870, 818, 239, 1282, 
293, 117, 545, 150, 322, 404, 110, 24, 244, 275, 
19, 8, 618, 458, 24, 822, 14, 287, 457, 470, 
285, 178, 132, 434, 167, 131, 126, 22, 171, 184, 
288, 322, 285, 881, 340, 257, 1023, 299, 358, 750, 
11, 656, 99, 745, 180, 54, 91, 81, 171, 155, 
315, 339, 314, 904, 300, 244, 332, 299, 331, 330, 
78, 280, 317, 168, 172, 152, 96, 97, 510, 312, 
287, 318, 285, 357, 263, 270, 681, 680, 688, 323, 
332, 257, 271, 312, 1293, 325, 346, 327, 287, 306, 
747, 117, 120, 1046, 925, 818, 594, 293, 333, 927, 
113, 257, 1528, 131, 1148, 7, 381, 637, 212, 854, 
929, 471, 454, 830, 269, 249, 322, 272, 545, 116, 
932, 307, 320, 333, 743, 283, 247, 12, 962, 878, 
602, 524, 55, 165, 78, 523, 59, 274, 97, 1040, 
747, 263, 267, 327, 335, 320, 322, 677, 293, 257, 
173, 126, 99, 49, 750, 116, 184, 54, 587, 471, 
686, 324, 987, 287, 288, 989, 260, 285, 318, 689, 
947, 320, 300, 287, 994, 293, 812, 1136, 894, 276, 
233, 757, 6, 97, 217, 287, 674, 55, 184, 183, 
287, 144, 671, 199, 267, 245, 330, 435, 405, 875, 
446, 216, 217, 291, 144, 636, 560, 550, 395, 440, 
267, 165, 751, 750, 178, 345, 987, 180, 357, 889, 
834, 256, 606, 264, 268, 660, 492, 301, 602, 426, 
21, 78, 41, 97, 63, 522, 654, 356, 116, 0, 
287, 546, 873, 1108, 677, 6, 285, 175, 843, 558, 
63, 384, 180, 317, 167, 171, 11, 232, 172, 88, 
6, 195, 55, 97, 116, 203, 68, 27, 215, 63, 
1072, 582, 938, 217, 772, 769, 38, 760, 43, 572, 
245, 236, 267, 320, 288, 287, 99, 426, 356, 602, 
287, 97, 315, 55, 6, 507, 257, 312, 1104, 163, 
440, 77, 574, 1144, 1180, 738, 411, 117, 140, 941, 
293, 226, 404, 215, 451, 229, 400, 673, 87, 140, 
30, 179, 212, 669, 133, 185, 120, 609, 8, 49, 
482, 479, 633, 58, 913, 659, 117, 78, 177, 213, 
234, 480, 58, 481, 55, 1533, 22, 179, 289, 1016, 
285, 184, 513, 1062, 426, 181, 8, 512, 267, 344, 
301, 312, 315, 271, 257, 747, 327, 878, 688, 877, 
36, 239, 532, 1142, 1448, 960, 939, 810, 499, 1494, 
545, 180, 272, 454, 6, 49, 280, 120, 596, 117, 
230, 52, 678, 563, 1198, 568, 579, 28, 853, 771, 
52, 325, 679, 558, 265, 287, 671, 120, 681, 894, 
519, 489, 142, 24, 238, 180, 65, 590, 49, 738, 
274, 989, 739, 123, 741, 180, 301, 514, 288, 285, 
275, 97, 193, 317, 233, 49, 194, 25, 7, 63, 
324, 322, 871, 874, 872, 879, 1013, 1011, 302, 292, 
1047, 686, 1468, 1336, 81, 1164, 1284, 1075, 1418, 167, 
357, 216, 545, 293, 1078, 157, 384, 382, 122, 576, 
239, 272, 312, 215, 14, 865, 891, 150, 299, 254, 
0, 618, 8, 716, 116, 1027, 236, 244, 281, 976, 
337, 107, 324, 1017, 288, 287, 664, 590, 692, 220, 
11, 63, 602, 126, 153, 49, 482, 662, 215, 709, 
49, 99, 339, 709, 1219, 180, 1541, 97, 544, 173, 
257, 312, 320, 894, 748, 300, 287, 303, 299, 285, 
234, 180, 25, 281, 583, 507, 1015, 590, 120, 24, 
203, 0, 167, 99, 126, 115, 285, 474, 482, 11, 
239, 1011, 759, 596, 105, 1046, 8, 256, 273, 122, 
258, 682, 677, 312, 306, 309, 331, 269, 747, 327, 
640, 850, 168, 1192, 88, 512, 1193, 167, 523, 744, 
21, 185, 221, 55, 143, 134, 0, 211, 182, 201, 
208, 196, 168, 482, 93, 407, 173, 492, 218, 656, 
293, 318, 301, 241, 271, 750, 333, 314, 326, 538, 
337, 213, 342, 180, 748, 617, 1378, 282, 713, 302, 
885, 322, 537, 881, 351, 310, 271, 327, 315, 299, 
185, 0, 207, 78, 654, 195, 208, 8, 201, 55, 
430, 69, 194, 213, 171, 217, 116, 134, 181, 153, 
259, 249, 459, 326, 300, 325, 327, 320, 331, 876, 
287, 345, 257, 269, 10, 301, 323, 885, 271, 894, 
242, 322, 683, 257, 431, 203, 184, 55, 478, 173, 
1073, 475, 575, 872, 280, 147, 300, 231, 154, 318, 
49, 126, 0, 3, 116, 167, 182, 131, 422, 403, 
327, 343, 361, 894, 749, 345, 300, 314, 332, 330, 
305, 603, 704, 487, 477, 133, 196, 274, 256, 172, 
172, 477, 492, 18, 507, 269, 1346, 300, 407, 602, 
497, 123, 524, 99, 708, 186, 193, 95, 126, 49, 
298, 324, 259, 357, 671, 322, 234, 716, 1198, 457, 
271, 314, 299, 301, 124, 8, 99, 332, 292, 14, 
99, 739, 242, 49, 332, 989, 299, 322, 171, 537, 
317, 312, 173, 126, 190, 21, 49, 54, 840, 99, 
615, 49, 1063, 510, 99, 640, 135, 317, 616, 602, 
288, 244, 267, 331, 681, 302, 687, 333, 679, 880, 
343, 304, 302, 241, 342, 753, 895, 1279, 1023, 987, 
357, 568, 150, 456, 825, 263, 1078, 819, 1437, 247, 
11, 285, 49, 55, 655, 527, 164, 301, 526, 296, 
987, 322, 878, 285, 753, 326, 302, 331, 299, 357, 
236, 49, 108, 120, 1048, 1015, 281, 23, 180, 404, 
275, 267, 285, 1004, 332, 244, 58, 324, 656, 357, 
6, 423, 117, 287, 110, 346, 124, 627, 236, 146, 
541, 686, 1227, 1418, 553, 1230, 925, 1150, 568, 861, 
126, 49, 95, 422, 97, 312, 215, 275, 747, 203, 
482, 317, 123, 194, 581, 116, 472, 68, 136, 88, 
120, 244, 236, 320, 147, 865, 279, 281, 49, 251, 
120, 239, 1047, 124, 404, 146, 13, 241, 284, 590, 
270, 689, 309, 581, 339, 750, 327, 885, 1104, 1037, 
287, 682, 99, 299, 404, 537, 258, 312, 6, 116, 
312, 545, 37, 89, 779, 38, 858, 737, 238, 671, 
357, 259, 174, 947, 322, 677, 268, 306, 244, 312, 
49, 312, 514, 268, 274, 299, 270, 99, 1482, 244, 
339, 1128, 1590, 27, 95, 1186, 885, 78, 643, 86, 
293, 267, 339, 310, 689, 326, 325, 747, 287, 879, 
293, 736, 677, 157, 147, 925, 289, 980, 247, 1033, 
301, 343, 261, 257, 302, 291, 339, 267, 359, 1601, 
639, 58, 1009, 1008, 557, 170, 243, 223, 1005, 1141, 
160, 965, 180, 49, 487, 257, 488, 607, 99, 317, 
285, 241, 288, 268, 267, 301, 244, 318, 302, 357, 
63, 185, 142, 88, 210, 178, 87, 190, 244, 96, 
58, 426, 317, 97, 131, 173, 49, 654, 495, 514, 
97, 171, 173, 120, 0, 299, 257, 49, 236, 11, 
317, 169, 474, 57, 322, 274, 249, 55, 70, 182, 
97, 78, 49, 1550, 817, 1219, 918, 209, 55, 0, 
113, 49, 818, 99, 173, 870, 194, 257, 78, 172, 
472, 1047, 545, 1260, 459, 822, 1108, 596, 386, 843, 
99, 297, 119, 281, 968, 110, 18, 146, 120, 476, 
18, 99, 301, 13, 284, 457, 136, 275, 292, 278, 
1005, 346, 312, 257, 303, 49, 326, 241, 301, 304, 
357, 260, 329, 538, 258, 677, 135, 314, 99, 180, 
0, 13, 9, 346, 318, 270, 149, 136, 301, 281, 
294, 306, 291, 247, 292, 257, 268, 519, 301, 258, 
173, 171, 21, 495, 473, 179, 134, 27, 215, 474, 
509, 268, 267, 78, 61, 182, 10, 126, 88, 3, 
108, 275, 1141, 245, 126, 149, 123, 99, 180, 267, 
120, 12, 293, 54, 404, 160, 179, 99, 159, 942, 
285, 581, 193, 63, 482, 602, 473, 133, 510, 704, 
267, 290, 284, 128, 918, 49, 123, 136, 812, 272, 
98, 431, 49, 419, 595, 94, 626, 403, 171, 945, 
234, 357, 747, 404, 28, 230, 120, 830, 270, 471, 
6, 320, 9, 284, 301, 326, 318, 13, 812, 123, 
76, 251, 283, 290, 54, 174, 995, 942, 645, 641, 
538, 901, 305, 326, 346, 99, 380, 49, 69, 268, 
385, 299, 584, 943, 66, 998, 1035, 1270, 780, 71, 
288, 24, 110, 254, 814, 368, 14, 236, 89, 293, 
6, 67, 71, 221, 39, 160, 865, 99, 349, 76, 
639, 180, 249, 150, 430, 54, 384, 747, 95, 94, 
1387, 11, 202, 256, 95, 461, 704, 484, 614, 151, 
497, 49, 483, 1038, 99, 209, 1088, 180, 7, 190, 
257, 242, 345, 287, 880, 285, 875, 293, 320, 681, 
11, 67, 317, 479, 514, 172, 431, 274, 100, 90, 
0, 37, 215, 134, 72, 210, 143, 97, 565, 167, 
301, 241, 268, 285, 302, 300, 345, 293, 306, 888, 
305, 407, 293, 1609, 878, 1081, 331, 245, 283, 124, 
317, 247, 339, 688, 590, 78, 254, 81, 24, 10, 
99, 357, 889, 747, 259, 242, 258, 214, 677, 321, 
687, 242, 987, 337, 259, 323, 686, 258, 894, 320, 
108, 1385, 49, 126, 409, 740, 454, 180, 23, 99, 
318, 22, 13, 1280, 126, 6, 236, 407, 695, 283, 
520, 241, 527, 186, 290, 1097, 491, 530, 192, 204, 
545, 120, 482, 49, 171, 174, 356, 190, 78, 195, 
64, 237, 221, 142, 203, 299, 662, 182, 293, 356, 
234, 120, 471, 221, 180, 67, 741, 1181, 229, 150, 
773, 560, 720, 558, 9, 651, 41, 132, 189, 180, 
241, 449, 789, 406, 104, 440, 539, 1227, 757, 589, 
180, 264, 336, 227, 257, 52, 203, 175, 463, 8, 
327, 689, 54, 175, 897, 257, 165, 311, 524, 529, 
49, 99, 293, 116, 284, 201, 471, 142, 324, 173, 
126, 921, 99, 123, 180, 128, 312, 474, 220, 120, 
680, 891, 878, 892, 677, 750, 753, 327, 349, 269, 
97, 24, 1316, 87, 236, 292, 713, 735, 68, 69, 
49, 218, 1507, 772, 89, 117, 622, 1441, 790, 1521, 
126, 49, 171, 173, 236, 97, 6, 120, 182, 150, 
760, 28, 84, 585, 738, 1243, 741, 929, 549, 771, 
120, 293, 747, 299, 287, 221, 322, 327, 677, 244, 
150, 0, 153, 215, 182, 208, 513, 149, 207, 526, 
301, 331, 318, 244, 306, 704, 878, 689, 344, 750, 
323, 357, 324, 329, 288, 875, 258, 260, 332, 285, 
298, 345, 947, 342, 354, 299, 357, 291, 339, 332, 
1458, 301, 264, 1237, 190, 317, 257, 49, 312, 182, 
120, 322, 221, 116, 209, 180, 738, 264, 49, 545, 
199, 679, 198, 133, 182, 236, 889, 209, 341, 335, 
268, 288, 749, 327, 343, 285, 325, 301, 328, 291, 
522, 213, 203, 514, 193, 430, 249, 198, 659, 309, 
368, 760, 299, 49, 596, 274, 126, 257, 404, 180, 
123, 99, 8, 0, 919, 474, 236, 150, 546, 125, 
351, 335, 679, 262, 265, 907, 878, 334, 873, 349, 
301, 892, 310, 99, 273, 314, 239, 241, 293, 1027, 
495, 49, 126, 173, 21, 99, 167, 78, 190, 180, 
127, 134, 167, 491, 10, 204, 542, 47, 172, 22, 
862, 532, 637, 1035, 1021, 793, 873, 943, 406, 574, 
150, 431, 418, 583, 54, 321, 227, 80, 207, 401, 
275, 123, 0, 254, 14, 290, 256, 281, 150, 124, 
747, 677, 242, 6, 331, 753, 268, 750, 507, 259, 
323, 639, 213, 278, 627, 672, 630, 557, 316, 424, 
587, 357, 421, 209, 677, 238, 750, 76, 540, 844, 
322, 270, 244, 320, 268, 318, 689, 872, 330, 269, 
63, 356, 254, 97, 177, 173, 581, 171, 814, 182, 
287, 907, 357, 337, 258, 893, 687, 322, 894, 288, 
451, 471, 228, 678, 558, 575, 147, 138, 76, 1, 
312, 65, 49, 658, 741, 317, 257, 297, 241, 86, 
293, 596, 545, 755, 2, 594, 1058, 404, 618, 747, 
172, 1062, 698, 69, 85, 150, 210, 152, 58, 318, 
647, 96, 150, 471, 861, 595, 203, 282, 216, 187, 
142, 94, 21, 197, 63, 520, 11, 49, 180, 97, 
209, 180, 27, 654, 257, 99, 233, 171, 734, 49, 
961, 305, 44, 526, 203, 184, 123, 132, 962, 274, 
514, 49, 146, 99, 248, 293, 149, 221, 627, 124, 
677, 141, 475, 139, 809, 416, 37, 89, 28, 940, 
126, 190, 63, 317, 431, 21, 180, 683, 395, 450, 
317, 21, 1618, 1554, 215, 1440, 213, 981, 117, 396, 
258, 324, 309, 300, 326, 688, 287, 293, 322, 876, 
173, 54, 226, 150, 750, 201, 403, 88, 1090, 202, 
117, 929, 218, 716, 759, 976, 270, 321, 927, 285, 
293, 310, 288, 302, 268, 300, 301, 331, 257, 312, 
1012, 545, 234, 251, 254, 293, 747, 596, 287, 283, 
236, 150, 120, 281, 117, 23, 404, 619, 287, 251, 
251, 253, 0, 258, 242, 236, 303, 254, 293, 1088, 
49, 90, 116, 37, 120, 287, 234, 217, 12, 81, 
49, 0, 256, 221, 150, 299, 257, 285, 236, 146, 
110, 217, 306, 131, 190, 264, 422, 274, 0, 482, 
68, 78, 677, 120, 180, 938, 691, 131, 203, 67, 
356, 88, 317, 167, 479, 149, 247, 120, 761, 194, 
326, 339, 132, 506, 208, 481, 522, 131, 47, 603, 
149, 165, 681, 256, 268, 261, 291, 269, 531, 304, 
19, 743, 285, 18, 8, 136, 123, 274, 284, 13, 
126, 143, 21, 54, 434, 256, 72, 526, 1400, 198, 
479, 317, 495, 49, 167, 1159, 605, 497, 196, 23, 
95, 171, 63, 356, 21, 97, 78, 173, 14, 99, 
147, 417, 401, 233, 172, 49, 173, 126, 434, 140, 
320, 256, 870, 49, 475, 69, 209, 171, 411, 565, 
291, 257, 116, 1033, 126, 299, 929, 312, 830, 322, 
69, 178, 381, 211, 85, 82, 189, 9, 51, 712, 
317, 49, 218, 152, 418, 70, 464, 227, 99, 422, 
180, 38, 422, 175, 88, 488, 211, 167, 233, 432, 
987, 630, 1124, 422, 834, 268, 134, 1285, 99, 223, 
324, 276, 457, 747, 293, 474, 297, 116, 221, 299, 
244, 288, 270, 325, 300, 242, 689, 302, 285, 304, 
46, 1038, 180, 461, 173, 44, 495, 123, 190, 63, 
221, 99, 299, 1136, 13, 1170, 288, 1009, 123, 120, 
156, 191, 527, 512, 660, 522, 68, 134, 177, 631, 
288, 299, 326, 267, 314, 268, 269, 346, 309, 345, 
172, 78, 602, 95, 317, 193, 175, 426, 320, 321, 
49, 55, 136, 207, 8, 274, 275, 99, 180, 123, 
120, 54, 0, 203, 190, 239, 24, 7, 264, 182, 
257, 245, 299, 345, 379, 287, 293, 750, 271, 1015, 
392, 731, 87, 152, 110, 332, 201, 208, 24, 215, 
404, 150, 280, 322, 99, 0, 14, 6, 221, 347, 
136, 843, 99, 126, 1374, 49, 268, 8, 1352, 180, 
410, 947, 471, 476, 830, 546, 245, 99, 472, 1013, 
6, 199, 267, 174, 654, 99, 707, 518, 523, 512, 
49, 448, 81, 430, 24, 171, 180, 257, 422, 221, 
918, 639, 82, 581, 115, 285, 1484, 729, 969, 542, 
55, 120, 171, 201, 404, 117, 143, 654, 199, 186, 
327, 747, 244, 301, 268, 312, 320, 677, 300, 267, 
28, 761, 446, 541, 596, 872, 467, 427, 560, 727, 
258, 872, 293, 299, 312, 681, 271, 878, 287, 750, 
5, 125, 285, 1016, 126, 546, 675, 247, 743, 12, 
12, 24, 1119, 285, 234, 955, 1027, 282, 507, 93, 
121, 259, 234, 288, 293, 318, 54, 457, 249, 55, 
281, 300, 25, 422, 124, 57, 567, 39, 160, 162, 
220, 519, 13, 241, 743, 987, 125, 514, 318, 18, 
951, 150, 947, 288, 289, 409, 345, 1008, 590, 2, 
12, 257, 148, 221, 894, 288, 677, 180, 285, 299, 
126, 49, 274, 241, 322, 180, 150, 0, 1015, 285, 
311, 285, 749, 257, 322, 312, 348, 747, 537, 307, 
110, 281, 887, 1276, 293, 287, 1151, 236, 470, 1314, 
232, 540, 577, 1238, 778, 678, 1230, 28, 228, 1227, 
49, 233, 97, 126, 99, 203, 180, 173, 257, 171, 
299, 456, 870, 507, 894, 260, 747, 879, 303, 342, 
384, 99, 55, 449, 379, 473, 179, 221, 20, 172, 
447, 233, 636, 47, 99, 446, 163, 126, 557, 6, 
259, 370, 933, 826, 948, 324, 251, 872, 294, 1225, 
824, 24, 54, 88, 117, 467, 575, 526, 87, 238, 
493, 481, 949, 310, 706, 136, 474, 854, 528, 237, 
320, 506, 788, 955, 1152, 304, 468, 293, 3, 261, 
0, 146, 318, 537, 287, 313, 907, 258, 900, 877, 
754, 142, 418, 606, 482, 317, 27, 11, 215, 426, 
749, 271, 346, 301, 268, 332, 310, 314, 261, 304, 
99, 479, 6, 146, 126, 274, 236, 14, 24, 117, 
1156, 631, 1314, 575, 606, 296, 27, 508, 302, 529, 
471, 475, 8, 286, 275, 409, 280, 120, 1141, 278, 
516, 434, 318, 1191, 126, 96, 13, 21, 25, 22, 
285, 749, 322, 288, 321, 301, 271, 312, 688, 346, 
173, 55, 312, 422, 6, 99, 233, 301, 163, 356, 
596, 195, 181, 10, 264, 142, 134, 233, 185, 81, 
49, 180, 287, 126, 181, 390, 173, 301, 54, 297, 
930, 144, 259, 562, 405, 1090, 819, 242, 564, 768, 
400, 234, 794, 256, 541, 1012, 248, 1035, 54, 298, 
205, 66, 120, 395, 283, 557, 117, 796, 251, 99, 
203, 193, 209, 274, 180, 78, 226, 49, 450, 65, 
116, 122, 1046, 23, 545, 596, 830, 259, 121, 1027, 
518, 356, 1015, 21, 190, 172, 99, 653, 527, 167, 
323, 285, 326, 681, 329, 293, 287, 331, 747, 267, 
209, 1477, 288, 357, 1134, 116, 1266, 78, 54, 143, 
287, 257, 299, 332, 689, 339, 241, 337, 301, 325, 
110, 283, 270, 287, 879, 293, 318, 91, 159, 299, 
97, 11, 69, 116, 194, 24, 249, 10, 281, 741, 
333, 681, 872, 322, 876, 331, 287, 285, 293, 312, 
183, 80, 403, 98, 142, 683, 94, 95, 180, 78, 
1045, 870, 81, 95, 182, 194, 109, 1018, 236, 288, 
121, 457, 990, 1010, 932, 1046, 1283, 293, 928, 545, 
149, 12, 357, 747, 236, 1024, 275, 681, 299, 741, 
0, 117, 24, 221, 120, 14, 257, 595, 759, 99, 
49, 99, 126, 180, 0, 285, 120, 274, 293, 110, 
553, 120, 61, 180, 226, 409, 402, 233, 454, 430, 
11, 97, 173, 99, 177, 426, 512, 482, 172, 706, 
337, 52, 54, 384, 801, 1257, 80, 11, 133, 32, 
337, 431, 335, 968, 433, 202, 513, 267, 1038, 82, 
28, 258, 65, 446, 37, 82, 72, 64, 90, 1027, 
97, 526, 228, 1138, 404, 1027, 402, 823, 711, 422, 
242, 321, 120, 256, 987, 116, 545, 99, 322, 236, 
432, 80, 71, 513, 201, 134, 300, 22, 95, 21, 
293, 346, 682, 876, 907, 747, 879, 894, 318, 892, 
212, 297, 69, 236, 249, 327, 325, 290, 1013, 1062, 
55, 49, 21, 293, 287, 186, 1625, 196, 203, 497, 
0, 116, 470, 251, 256, 274, 297, 281, 14, 1015, 
21, 126, 602, 97, 173, 312, 257, 426, 54, 653, 
331, 689, 126, 284, 300, 275, 115, 268, 994, 301, 
244, 537, 327, 306, 322, 299, 332, 281, 95, 285, 
653, 222, 153, 144, 213, 428, 718, 818, 678, 839, 
248, 925, 264, 755, 596, 283, 171, 221, 215, 545, 
257, 317, 170, 49, 1061, 99, 1318, 54, 1255, 1, 
302, 346, 343, 299, 301, 895, 315, 271, 749, 268, 
108, 454, 299, 326, 8, 257, 345, 268, 272, 281, 
918, 1078, 457, 771, 476, 197, 723, 729, 54, 167, 
602, 482, 126, 558, 497, 63, 356, 78, 88, 133, 
160, 356, 181, 70, 264, 300, 545, 392, 98, 229, 
227, 602, 505, 63, 203, 513, 426, 630, 78, 130, 
285, 318, 1341, 275, 9, 1651, 1510, 812, 1380, 49, 
1046, 242, 239, 1047, 410, 947, 545, 543, 875, 894, 
701, 449, 3, 52, 49, 366, 171, 432, 513, 236, 
95, 96, 55, 420, 293, 472, 221, 142, 545, 110, 
121, 830, 1265, 639, 263, 1046, 1012, 759, 1109, 973, 
312, 300, 233, 22, 78, 503, 434, 209, 237, 1100, 
68, 344, 209, 230, 327, 123, 136, 287, 96, 299, 
55, 482, 171, 189, 63, 504, 6, 914, 182, 120, 
1098, 231, 1298, 510, 416, 948, 173, 244, 614, 944, 
37, 16, 232, 384, 183, 567, 549, 52, 249, 67, 
24, 514, 475, 274, 1027, 283, 814, 126, 108, 873, 
322, 293, 339, 309, 302, 321, 749, 895, 343, 287, 
124, 116, 741, 126, 538, 762, 312, 314, 14, 293, 
222, 271, 890, 311, 257, 320, 310, 241, 1006, 243, 
538, 258, 254, 844, 891, 992, 327, 947, 244, 353, 
357, 239, 454, 244, 293, 306, 686, 287, 987, 507, 
0, 99, 126, 49, 741, 6, 180, 275, 299, 146, 
293, 289, 173, 720, 99, 321, 203, 248, 418, 110, 
317, 97, 49, 99, 14, 202, 514, 120, 8, 194, 
285, 1393, 749, 538, 989, 689, 897, 1175, 291, 1104, 
281, 653, 68, 54, 49, 7, 1131, 357, 184, 976, 
298, 1279, 307, 879, 311, 886, 913, 132, 357, 267, 
482, 172, 407, 209, 82, 215, 171, 434, 236, 923, 
318, 268, 323, 287, 871, 336, 326, 288, 872, 885, 
326, 178, 213, 181, 98, 208, 513, 434, 179, 184, 
267, 312, 320, 894, 748, 318, 287, 339, 299, 268, 
287, 677, 258, 325, 878, 681, 331, 303, 748, 897, 
747, 404, 249, 120, 299, 221, 256, 257, 6, 180, 
167, 584, 375, 11, 363, 120, 79, 209, 553, 173, 
771, 649, 734, 1171, 747, 495, 226, 293, 181, 630, 
248, 126, 1027, 293, 475, 320, 1131, 65, 325, 410, 
182, 317, 741, 11, 160, 471, 233, 356, 280, 483, 
171, 467, 299, 229, 604, 616, 1454, 120, 1204, 173, 
299, 263, 886, 337, 288, 285, 304, 323, 311, 332, 
522, 301, 426, 688, 123, 346, 314, 8, 233, 309, 
124, 180, 753, 8, 338, 267, 49, 1021, 236, 299, 
426, 653, 176, 190, 524, 186, 479, 510, 198, 430, 
126, 99, 1142, 221, 69, 1642, 990, 327, 543, 220, 
168, 97, 55, 179, 27, 201, 422, 221, 650, 72, 
288, 268, 99, 310, 749, 49, 314, 18, 123, 750, 
227, 312, 221, 689, 299, 257, 229, 288, 750, 342, 
925, 457, 117, 763, 321, 122, 595, 844, 409, 818, 
317, 49, 97, 602, 133, 208, 638, 271, 479, 605, 
422, 251, 182, 194, 171, 49, 7, 143, 285, 861, 
124, 330, 49, 755, 0, 409, 322, 6, 257, 24, 
63, 426, 301, 150, 1256, 1203, 133, 1254, 629, 475, 
49, 149, 846, 312, 180, 116, 126, 507, 293, 150, 
128, 213, 563, 64, 815, 567, 412, 293, 671, 566, 
339, 482, 317, 173, 78, 196, 181, 179, 509, 1038, 
450, 311, 715, 69, 675, 474, 581, 142, 195, 268, 
25, 394, 109, 1035, 541, 1042, 242, 721, 1073, 995, 
361, 538, 341, 1430, 688, 1433, 1126, 1175, 268, 881, 
404, 322, 1027, 293, 684, 120, 470, 281, 116, 8, 
251, 1087, 1214, 975, 563, 742, 144, 411, 825, 253, 
68, 404, 722, 366, 80, 161, 162, 494, 609, 247, 
321, 267, 284, 286, 311, 149, 125, 23, 886, 994, 
239, 925, 819, 1047, 1046, 974, 840, 755, 1027, 716, 
126, 531, 426, 299, 619, 281, 49, 63, 236, 519, 
312, 271, 268, 314, 305, 346, 241, 748, 261, 871, 
687, 677, 738, 581, 76, 580, 320, 227, 134, 160, 
99, 293, 146, 299, 110, 123, 404, 927, 6, 411, 
288, 177, 190, 88, 27, 136, 8, 149, 188, 0, 
689, 345, 310, 878, 343, 342, 681, 357, 749, 298, 
332, 285, 18, 872, 300, 327, 321, 8, 275, 244, 
248, 254, 247, 831, 762, 1027, 1058, 1013, 534, 832, 
99, 257, 6, 431, 471, 251, 1046, 789, 385, 819, 
99, 677, 321, 470, 24, 123, 116, 303, 286, 281, 
353, 361, 321, 332, 299, 271, 878, 750, 682, 309, 
321, 236, 116, 275, 299, 339, 247, 331, 326, 14, 
132, 1086, 139, 704, 1085, 719, 661, 142, 480, 605, 
304, 323, 293, 320, 321, 299, 287, 285, 288, 268, 
0, 126, 146, 274, 301, 99, 8, 285, 6, 150, 
484, 750, 590, 604, 287, 464, 698, 98, 418, 81, 
324, 763, 755, 105, 236, 675, 747, 300, 320, 326, 
252, 514, 531, 295, 247, 285, 292, 245, 126, 293, 
155, 136, 185, 257, 191, 473, 99, 356, 159, 57, 
178, 63, 97, 140, 94, 174, 116, 317, 194, 46, 
68, 95, 99, 196, 21, 317, 49, 171, 497, 78, 
288, 285, 293, 241, 301, 287, 299, 321, 318, 747, 
172, 581, 312, 474, 203, 450, 76, 4, 53, 274, 
126, 180, 116, 108, 6, 545, 49, 281, 0, 123, 
275, 743, 257, 310, 302, 99, 241, 301, 407, 267, 
481, 27, 8, 480, 187, 339, 482, 300, 1133, 22, 
482, 506, 126, 935, 49, 19, 180, 204, 181, 0, 
126, 55, 522, 21, 37, 173, 448, 7, 422, 160, 
21, 1496, 287, 1630, 275, 782, 46, 507, 422, 984, 
356, 649, 602, 63, 182, 142, 88, 401, 175, 178, 
63, 181, 116, 356, 173, 615, 97, 196, 175, 422, 
1279, 682, 885, 872, 305, 337, 875, 302, 880, 326, 
88, 173, 478, 49, 172, 196, 97, 55, 78, 171, 
258, 326, 306, 750, 689, 331, 886, 269, 259, 346, 
186, 356, 49, 749, 482, 22, 312, 178, 172, 184, 
242, 339, 117, 283, 358, 1196, 236, 291, 741, 285, 
687, 689, 303, 268, 309, 330, 342, 878, 886, 310, 
382, 397, 929, 234, 52, 0, 62, 29, 730, 150, 
124, 312, 422, 27, 171, 97, 264, 21, 174, 78, 
411, 121, 830, 686, 180, 337, 889, 996, 140, 27, 
117, 293, 180, 747, 331, 755, 936, 257, 322, 297, 
299, 927, 818, 65, 182, 64, 287, 184, 215, 24, 
116, 14, 180, 49, 6, 236, 150, 8, 221, 507, 
273, 301, 269, 285, 172, 255, 514, 236, 474, 1661, 
236, 940, 1064, 54, 142, 193, 152, 189, 46, 959, 
587, 63, 99, 68, 8, 124, 55, 945, 274, 844, 
24, 285, 1008, 136, 13, 521, 241, 126, 169, 284, 
606, 89, 97, 711, 49, 225, 549, 1297, 218, 21, 
299, 175, 21, 186, 162, 140, 485, 55, 504, 656, 
172, 312, 126, 99, 0, 474, 13, 271, 299, 345, 
830, 119, 596, 823, 404, 747, 14, 257, 236, 684, 
322, 747, 472, 741, 545, 476, 874, 294, 928, 243, 
236, 476, 948, 0, 587, 274, 250, 407, 168, 188, 
312, 287, 751, 258, 1024, 306, 747, 299, 331, 343, 
97, 173, 184, 88, 99, 44, 182, 23, 181, 1035, 
99, 257, 317, 55, 167, 49, 428, 149, 188, 536, 
269, 301, 899, 346, 347, 244, 689, 311, 342, 309, 
431, 436, 946, 815, 589, 167, 421, 566, 443, 52, 
244, 211, 201, 817, 116, 41, 521, 8, 195, 520, 
142, 422, 581, 68, 195, 131, 267, 245, 1034, 229, 
293, 20, 117, 194, 257, 180, 49, 234, 925, 1027, 
132, 338, 163, 886, 49, 484, 490, 418, 201, 285, 
180, 178, 173, 99, 126, 204, 301, 1499, 522, 473, 
346, 936, 265, 679, 682, 901, 246, 1608, 1159, 252, 
270, 298, 306, 345, 259, 886, 263, 299, 875, 300, 
325, 749, 257, 312, 268, 301, 326, 322, 345, 750, 
268, 1049, 287, 885, 0, 994, 55, 747, 11, 21, 
110, 317, 1043, 96, 280, 180, 101, 126, 404, 172, 
285, 299, 327, 293, 257, 268, 312, 332, 267, 318, 
171, 134, 117, 747, 293, 596, 283, 147, 228, 270, 
150, 0, 627, 761, 287, 49, 136, 590, 248, 247, 
99, 925, 104, 450, 185, 762, 12, 183, 226, 1, 
326, 299, 331, 8, 305, 274, 288, 244, 321, 298, 
1334, 761, 12, 120, 146, 470, 1163, 6, 128, 14, 
404, 457, 822, 105, 234, 1013, 823, 695, 150, 1186, 
23, 237, 12, 272, 0, 556, 1250, 419, 108, 285, 
78, 95, 422, 96, 741, 171, 131, 134, 237, 401, 
218, 482, 426, 215, 317, 131, 142, 196, 575, 242, 
747, 285, 306, 268, 297, 989, 326, 126, 299, 49, 
195, 576, 570, 562, 987, 1088, 928, 559, 89, 1508, 
747, 689, 306, 288, 257, 285, 190, 173, 126, 305, 
456, 288, 596, 291, 404, 1046, 120, 24, 222, 299, 
680, 258, 298, 244, 342, 287, 880, 354, 306, 327, 
322, 218, 878, 677, 52, 747, 293, 257, 330, 378, 
339, 310, 537, 689, 302, 268, 305, 321, 886, 285, 
291, 992, 259, 411, 126, 119, 830, 455, 142, 825, 
168, 93, 49, 54, 384, 116, 330, 81, 518, 567, 
121, 418, 239, 94, 226, 484, 75, 195, 1009, 701, 
541, 62, 830, 28, 20, 90, 230, 385, 819, 116, 
263, 293, 326, 339, 345, 261, 301, 312, 874, 244, 
288, 330, 257, 332, 318, 747, 244, 312, 321, 285, 
293, 341, 312, 299, 332, 901, 878, 288, 327, 268, 
677, 322, 285, 293, 257, 891, 299, 307, 306, 300, 
332, 293, 301, 299, 747, 285, 287, 327, 325, 331, 
303, 897, 341, 876, 891, 293, 334, 265, 258, 679, 
200, 184, 55, 666, 443, 655, 440, 442, 233, 357, 
513, 1077, 116, 834, 78, 615, 227, 471, 422, 649, 
330, 242, 677, 322, 263, 312, 341, 321, 342, 270, 
323, 244, 288, 8, 257, 14, 923, 299, 146, 123, 
244, 327, 285, 257, 345, 689, 301, 874, 302, 287, 
285, 299, 339, 345, 303, 1536, 244, 326, 380, 69, 
750, 327, 263, 257, 287, 346, 288, 323, 537, 300, 
236, 0, 233, 14, 78, 55, 63, 317, 274, 110, 
409, 1090, 100, 538, 587, 357, 750, 90, 431, 271, 
82, 227, 49, 708, 173, 127, 21, 221, 54, 373, 
747, 242, 285, 318, 244, 320, 288, 322, 324, 686, 
282, 292, 545, 918, 747, 1007, 384, 596, 124, 136, 
182, 49, 54, 434, 1408, 312, 194, 78, 509, 650, 
312, 315, 311, 257, 749, 285, 299, 332, 287, 689, 
736, 287, 1061, 324, 1465, 312, 957, 747, 1067, 212, 
189, 212, 426, 197, 104, 256, 169, 474, 312, 704, 
21, 402, 49, 691, 160, 87, 384, 240, 99, 70, 
249, 203, 325, 904, 353, 293, 1062, 689, 741, 6, 
894, 257, 285, 306, 325, 180, 259, 263, 875, 242, 
203, 185, 160, 229, 384, 576, 54, 287, 466, 644, 
244, 283, 404, 267, 627, 293, 147, 885, 345, 325, 
280, 457, 420, 987, 156, 192, 426, 526, 184, 190, 
356, 317, 88, 11, 215, 301, 237, 186, 326, 268, 
275, 762, 283, 534, 249, 761, 276, 279, 627, 24, 
418, 270, 253, 747, 254, 99, 1114, 123, 205, 1004, 
99, 6, 180, 275, 49, 318, 126, 257, 409, 0, 
251, 233, 117, 500, 6, 162, 608, 464, 120, 654, 
688, 330, 306, 285, 257, 301, 312, 872, 677, 321, 
873, 269, 339, 302, 267, 268, 748, 301, 1394, 323, 
169, 426, 94, 514, 178, 190, 194, 225, 171, 140, 
1, 552, 11, 49, 1473, 430, 240, 54, 567, 777, 
689, 285, 902, 310, 307, 309, 1233, 312, 268, 241, 
734, 135, 523, 63, 632, 173, 674, 190, 317, 468, 
195, 140, 217, 94, 927, 190, 446, 825, 657, 595, 
293, 404, 124, 24, 201, 203, 81, 152, 185, 96, 
117, 287, 120, 14, 37, 142, 927, 233, 587, 297, 
293, 120, 299, 203, 14, 741, 81, 565, 567, 384, 
830, 874, 16, 270, 239, 405, 230, 825, 680, 823, 
514, 258, 819, 840, 680, 263, 289, 234, 596, 249, 
681, 687, 878, 872, 258, 332, 263, 299, 333, 301, 
921, 121, 99, 194, 270, 978, 49, 259, 482, 237, 
169, 85, 178, 44, 508, 1020, 282, 918, 170, 58, 
306, 299, 257, 285, 288, 312, 293, 346, 314, 309, 
347, 303, 299, 327, 987, 324, 18, 546, 686, 891, 
688, 8, 126, 753, 514, 1367, 285, 268, 288, 689, 
475, 2, 248, 761, 534, 286, 845, 312, 1013, 409, 
392, 331, 314, 271, 300, 293, 210, 889, 780, 1060, 
178, 320, 736, 293, 474, 713, 581, 9, 462, 288, 
287, 257, 209, 55, 167, 95, 96, 237, 69, 10, 
318, 1061, 268, 1126, 258, 1394, 321, 354, 291, 905, 
180, 49, 190, 99, 173, 97, 116, 236, 55, 602, 
99, 257, 98, 6, 301, 474, 267, 70, 327, 94, 
346, 899, 339, 302, 886, 305, 314, 881, 241, 271, 
293, 288, 182, 747, 322, 677, 659, 202, 181, 294, 
587, 72, 428, 200, 1284, 201, 218, 199, 154, 153, 
121, 239, 410, 150, 248, 252, 1381, 99, 126, 115, 
385, 672, 126, 54, 460, 312, 57, 513, 520, 1072, 
510, 196, 314, 81, 906, 180, 1344, 309, 3, 1429, 
267, 1164, 870, 825, 150, 716, 892, 929, 973, 346, 
749, 306, 285, 312, 347, 268, 341, 288, 327, 299, 
126, 301, 356, 288, 304, 275, 310, 285, 115, 149, 
771, 356, 420, 522, 500, 417, 805, 357, 333, 95, 
293, 21, 275, 288, 237, 528, 434, 186, 526, 287, 
370, 69, 743, 97, 78, 169, 13, 299, 60, 731, 
99, 150, 21, 203, 174, 214, 587, 530, 639, 534, 
124, 254, 24, 291, 116, 110, 0, 14, 303, 180, 
180, 99, 272, 1133, 49, 362, 287, 823, 1138, 55, 
49, 237, 704, 171, 482, 208, 63, 473, 173, 177, 
987, 293, 242, 104, 0, 1411, 221, 819, 368, 98, 
385, 52, 23, 383, 67, 872, 19, 54, 530, 731, 
99, 126, 284, 164, 299, 165, 922, 85, 514, 735, 
337, 166, 945, 364, 738, 382, 814, 1060, 419, 277, 
482, 588, 54, 152, 548, 267, 28, 203, 21, 67, 
121, 411, 1046, 870, 755, 925, 239, 89, 368, 719, 
236, 110, 273, 285, 868, 68, 630, 201, 152, 136, 
21, 96, 317, 321, 482, 234, 326, 677, 59, 215, 
483, 236, 673, 180, 661, 636, 49, 666, 178, 451, 
475, 24, 865, 273, 923, 285, 739, 236, 106, 1196, 
320, 49, 632, 317, 1453, 172, 11, 132, 171, 173, 
143, 530, 475, 10, 293, 818, 758, 1214, 147, 263, 
24, 289, 1402, 257, 322, 332, 342, 327, 288, 6, 
12, 49, 282, 327, 99, 293, 747, 180, 884, 274, 
85, 1219, 91, 398, 236, 45, 1220, 227, 140, 197, 
287, 117, 150, 120, 68, 209, 404, 632, 233, 405, 
257, 750, 538, 270, 682, 346, 312, 271, 333, 301, 
63, 49, 482, 317, 172, 178, 97, 356, 171, 426, 
99, 116, 8, 287, 120, 653, 199, 135, 477, 470, 
687, 987, 755, 1046, 234, 394, 77, 242, 450, 251, 
288, 878, 293, 249, 325, 299, 326, 86, 305, 94, 
762, 12, 46, 275, 80, 90, 237, 442, 1097, 55, 
279, 277, 288, 254, 273, 236, 274, 180, 8, 681, 
716, 318, 747, 136, 870, 257, 872, 115, 116, 320, 
627, 286, 675, 284, 285, 99, 283, 123, 275, 1010, 
287, 747, 24, 236, 116, 110, 78, 14, 201, 741, 
146, 172, 446, 413, 208, 263, 150, 122, 480, 49, 
528, 13, 293, 530, 288, 291, 285, 338, 879, 325, 
11, 180, 309, 281, 292, 244, 683, 256, 204, 124, 
382, 20, 472, 547, 92, 626, 162, 6, 101, 1059, 
1040, 417, 609, 151, 516, 418, 442, 153, 615, 601, 
226, 464, 183, 746, 435, 259, 98, 59, 417, 82, 
777, 780, 154, 370, 1405, 642, 691, 87, 196, 774, 
1037, 751, 306, 320, 303, 344, 300, 749, 269, 314, 
116, 497, 708, 21, 505, 49, 294, 173, 54, 366, 
475, 275, 149, 236, 755, 8, 288, 534, 24, 286, 
339, 513, 215, 167, 198, 418, 81, 203, 212, 134, 
173, 180, 287, 0, 99, 68, 97, 285, 257, 299, 
285, 327, 300, 244, 271, 291, 299, 310, 269, 330, 
559, 229, 404, 1033, 287, 135, 399, 0, 253, 923, 
55, 446, 218, 134, 49, 654, 172, 182, 194, 97, 
287, 272, 332, 275, 339, 590, 1016, 294, 293, 925, 
299, 113, 63, 479, 11, 30, 312, 210, 8, 143, 
557, 671, 566, 875, 199, 326, 332, 218, 97, 558, 
324, 312, 299, 288, 320, 293, 302, 287, 291, 301, 
28, 37, 117, 379, 71, 404, 1088, 392, 754, 221, 
267, 175, 287, 172, 134, 133, 186, 190, 495, 7, 
270, 126, 422, 194, 11, 203, 133, 428, 171, 27, 
287, 49, 23, 454, 147, 410, 522, 239, 15, 704, 
285, 274, 271, 244, 514, 126, 311, 254, 684, 689, 
540, 63, 889, 1138, 172, 561, 447, 55, 840, 384, 
41, 432, 958, 226, 93, 183, 1069, 450, 709, 0, 
482, 85, 426, 167, 194, 171, 301, 55, 134, 81, 
280, 863, 741, 273, 312, 684, 254, 404, 814, 923, 
324, 288, 323, 248, 249, 1007, 1170, 1343, 1376, 5, 
407, 514, 49, 8, 235, 257, 846, 274, 223, 99, 
274, 0, 6, 126, 275, 257, 180, 99, 49, 249, 
297, 284, 817, 274, 257, 126, 105, 992, 251, 8, 
312, 356, 11, 426, 182, 95, 167, 293, 13, 299, 
123, 180, 918, 407, 293, 116, 1006, 297, 992, 256, 
299, 281, 303, 264, 78, 422, 346, 214, 70, 98, 
184, 50, 201, 762, 317, 96, 52, 131, 123, 8, 
